67.4372 335.651
329.794 374.477
150.416 232.214
96.3222 386.238
38.5582 382.533
386.134 174.391
300.606 279.759
235.673 190.729
312.011 193.694
68.4683 119.019
222.682 288.76
11.3856 377.299
129.698 49.4181
251.49 339.99
10.8365 69.7507
381.504 271.443
380.734 295.837
335.743 385.853
381.892 384.181
124.516 341.764
136.322 17.4117
106.142 1.22694
375.646 231.282
143.647 106.915
184.489 292.417
11.981 293.923
170.823 253.478
231.28 293.372
47.4409 306.987
320.474 36.4407
41.0439 121.343
95.2018 206.633
89.2064 172.261
2.43772 52.0305
185.39 329.625
310.937 140.325
152.543 232.197
156.055 353.059
119.412 259.845
312.997 188.151
160.4 192.928
359.07 104.422
55.1103 227.188
296.426 363.314
56.083 211.908
255.78 21.0502
309.055 211.727
316.153 253.201
200.417 171.356
53.0929 285.061
357.153 38.8242
38.8055 105.485
75.3817 256.965
138.638 332.105
312.432 345.244
189.839 345.124
199.169 291.118
173.386 64.2285
292.267 47.143
324.382 268.028
385.433 257.749
344.019 265.354
295.126 194.501
162.161 238.149
364.318 15.0835
349.122 350.444
134.025 146.36
330.728 61.4348
25.4182 165.418
149.768 277.425
358.922 339.256
206.587 108.643
78.1287 281.335
114.241 265
12.6815 270.783
